VISDATA
36
0 0
1 0
2 18  34 35 4 5 32 6 31 7 29 28 27 26 12 21 16 18 14 15 
3 0
4 18  6 2 7 35 5 34 32 31 12 29 28 14 27 15 26 18 16 21 
5 18  7 2 6 4 35 34 12 32 31 14 15 29 16 28 18 27 26 21 
6 18  4 5 2 7 12 35 34 14 32 15 16 31 18 29 28 21 27 26 
7 18  5 4 6 12 2 14 35 15 34 16 32 31 18 29 28 21 27 26 
8 0
9 0
10 0
11 0
12 18  14 15 16 7 18 6 5 21 4 26 35 2 27 34 28 32 29 31 
13 0
14 18  12 16 18 15 21 7 6 5 4 26 27 28 29 31 35 32 34 2 
15 18  12 18 14 21 16 7 6 26 5 27 4 28 31 32 29 34 35 2 
16 18  18 14 12 21 15 7 26 27 6 28 5 31 29 32 4 34 35 2 
17 0
18 18  21 16 15 14 12 26 27 28 29 31 32 7 6 34 5 35 4 2 
19 0
20 0
21 18  18 26 16 27 15 28 14 29 12 31 32 34 35 7 2 6 5 4 
22 0
23 0
24 0
25 0
26 18  29 28 31 21 32 27 34 18 35 2 16 15 14 12 4 7 5 6 
27 18  29 31 32 28 21 34 26 35 18 2 16 15 14 4 12 7 5 6 
28 18  31 26 32 34 27 29 35 21 2 18 4 16 5 14 7 15 12 6 
29 18  26 32 27 31 34 35 28 2 21 18 4 5 7 6 16 14 15 12 
30 0
31 18  28 27 34 26 35 29 32 2 4 21 5 18 6 7 16 15 14 12 
32 18  29 35 34 28 27 2 31 26 4 5 6 21 7 18 16 15 12 14 
33 0
34 18  32 31 2 29 28 4 27 35 5 26 6 7 21 18 12 16 14 15 
35 18  32 2 31 29 4 28 5 34 27 6 26 7 21 12 18 14 16 15 
